# Elapsed time   CPU (%)     Real (MB)   Virtual (MB)
       0.000        0.000     1362.707     4934.691
       1.073        0.000     1370.184     4934.691
       2.136        0.000     1370.184     4934.691
       3.205        0.000     1370.184     4934.691
       4.274        0.000     1370.184     4934.691
       5.342        0.000     1370.184     4934.691
       6.411        0.000     1382.258     4582.520
       7.480        0.000     1382.258     4582.520
       8.548        0.000     1382.477     4582.520
       9.616        0.000       62.367    36921.000
      10.684        0.000      266.074    36920.523
      11.754        0.000      486.637    36920.523
      12.821        0.000      534.027    36920.523
      13.886        0.000      574.457    36920.523
      14.957        0.000      574.461    36920.523
      16.022        0.000      635.895    36920.523
      17.091        0.000      635.895    36920.523
      18.159        0.000      636.145    36920.523
      19.225        0.000      716.215    36920.523
      20.294        0.000      716.215    36920.523
      21.363        0.000      800.887    36920.523
      22.420        0.000      800.887    36920.523
      23.486        0.000      801.000    36920.523
      24.556        0.000      898.352    36920.523
      25.613        0.000      898.352    36920.523
      26.682        0.000      899.141    36920.523
      27.756        0.000      899.141    36920.523
      28.823        0.000      899.141    36920.523
      29.879        0.000      910.027    36920.523
      30.946        0.000      932.715    36920.523
      32.013        0.000      932.715    36920.523
      33.077        0.000      932.715    36920.523
      34.147        0.000      932.715    36920.523
      35.217        0.000      939.609    36920.523
      36.285        0.000      939.609    36920.523
      37.352        0.000      939.609    36920.523
      38.418        0.000      927.125    36920.523
      39.488        0.000      927.125    36920.523
      40.556        0.000     1069.234    36920.523
      41.614        0.000     1069.234    36920.523
      42.682        0.000     1069.234    36920.523
      43.751        0.000     1074.312    36920.523
      44.820        0.000     1115.988    36920.523
      45.887        0.000     1115.988    36920.523
      46.956        0.000     1115.988    36920.523
      48.022        0.000     1168.430    36920.523
      49.090        0.000     1168.430    36920.523
      50.156        0.000     1168.430    36920.523
      51.226        0.000     1168.430    36920.523
      52.294        0.000     1168.430    36920.523
      53.361        0.000     1335.656    36920.523
      54.430        0.000     1335.656    36920.523
      55.498        0.000     1335.754    36920.523
      56.566        0.000     1335.754    36920.523
      57.632        0.000     1335.754    36920.523
      58.700        0.000     1462.012    36920.523
      59.758        0.000     1462.012    36920.523
      60.827        0.000     1461.191    36920.523
      61.895        0.000     1461.191    36920.523
      62.962        0.000     1461.191    36920.523
      64.031        0.000     1461.191    36920.523
      65.098        0.000     1611.113    36920.523
      66.167        0.000     1815.238    36920.523
      67.235        0.000     1815.258    36920.523
      68.300        0.000     1815.258    36920.523
      69.370        0.000     1815.258    36920.523
      70.439        0.000     1815.258    36920.523
      71.507        0.000     1815.258    36920.523
      72.574        0.000     1815.258    36920.523
      73.641        0.000     1815.258    36920.523
      74.708        0.000     1824.969    36920.523
      75.778        0.000     1824.977    36920.523
      76.846        0.000     1824.977    36920.523
      77.914        0.000     1824.977    36920.523
      78.982        0.000     1824.977    36920.523
      80.042        0.000     1795.273    36985.527
      81.110        0.000     1795.273    36985.527
      82.168        0.000     1748.133    36985.527
      83.236        0.000     1711.250    36985.527
      84.319        0.000     1700.559    36985.527
      85.385        0.000     1700.508    36985.527
      86.452        0.000     1660.816    36985.527
      87.526        0.000     1609.715    36985.527
      88.593        0.000     1559.117    36985.527
      89.659        0.000     1510.020    36985.527
      90.726        0.000     1415.836    36985.527
      91.791        0.000     1370.250    36985.527
      92.856        0.000     1285.082    36985.527
      93.923        0.000     1245.004    36985.527
      94.991        0.000     1171.195    36985.527
      96.058        0.000     1135.625    36985.527
      97.124        0.000     1069.496    36985.527
      98.190        0.000     1038.688    36985.527
      99.257        0.000     1038.688    36985.527
     100.327        0.000     1038.688    36985.527
     101.394        0.000     1038.688    36985.527
     102.461        0.000     1038.688    36985.527
     103.529        0.000     1038.688    36985.527
     104.596        0.000     1038.688    36985.527
     105.663        0.000     1038.688    36985.527
     106.730        0.000     1038.688    36985.527
     107.797        0.000     1038.688    36985.527
     108.866        0.000      197.641     2278.629
     109.939        0.000      520.164     3686.629
     111.005        0.000      582.297     3878.629
     112.076        0.000      582.297     3878.629
     113.151        0.000      582.297     3878.629
     114.225        0.000      582.297     3878.629
     115.301        0.000      582.297     3878.629
     116.365        0.000      582.297     3878.629
     117.439        0.000      582.297     3878.629
     118.513        0.000      582.297     3878.629
     119.584        0.000      582.297     3878.629
