# Elapsed time   CPU (%)     Real (MB)   Virtual (MB)
       0.000        0.000     1355.484     4934.691
       1.075        0.000     1370.180     4934.691
       2.139        0.000     1370.180     4934.691
       3.207        0.000     1370.180     4934.691
       4.276        0.000     1370.180     4934.691
       5.346        0.000     1370.180     4934.691
       6.413        0.000     1382.262     4582.520
       7.478        0.000     1382.484     4582.520
       8.543        0.000     1382.484     4582.520
       9.610        0.000      144.258     8216.156
      10.680        0.000      593.625     8216.156
      11.749        0.000     1059.234     8216.156
      12.816        0.000     1480.242     8216.156
      13.885        0.000     1938.891     8216.156
      14.956        0.000     2353.711     8216.156
      16.024        0.000     2773.688     8216.156
      17.095        0.000     3184.641     8216.156
      18.165        0.000     3613.125     8216.156
      19.250        0.000     4024.594     8216.156
      20.315        0.000     4424.977     8216.156
      21.382        0.000     4832.578     8216.156
      22.448        0.000     5050.430     8216.156
      23.513        0.000     5082.141     8216.156
      24.578        0.000     5117.203     8216.156
      25.644        0.000     5163.352     8216.156
      26.707        0.000     5193.516     8216.156
      27.772        0.000     5193.516     8216.156
      28.838        0.000     5235.797     8216.156
      29.903        0.000     5288.906     8216.156
      30.968        0.000     5346.141     8216.156
      32.031        0.000     5346.141     8216.156
      33.096        0.000     5346.141     8216.156
      34.163        0.000     5346.141     8216.156
      35.229        0.000     5346.141     8216.156
      36.295        0.000     5384.297     8216.156
      37.360        0.000     5422.453     8216.156
      38.423        0.000     5446.172     8216.156
      39.489        0.000     5498.766     8216.156
      40.555        0.000     5498.766     8216.156
      41.618        0.000     5518.359     8216.156
      42.684        0.000     5579.719     8216.156
      43.738        0.000     5613.234     8216.156
      44.801        0.000     5651.391     8216.156
      45.867        0.000     5651.391     8216.156
      46.934        0.000     5651.391     8216.156
      48.000        0.000     5651.391     8216.156
      49.066        0.000     5651.391     8216.156
      50.130        0.000     5651.391     8216.156
      51.196        0.000     5651.391     8216.156
      52.260        0.000     5651.391     8216.156
      53.327        0.000     5651.391     8216.156
      54.392        0.000     5651.391     8216.156
      55.454        0.000     5651.391     8216.156
      56.519        0.000     5651.391     8216.156
      57.584        0.000     5651.391     8216.156
      58.648        0.000        5.641       24.152
      59.715        0.000        5.641       24.152
      60.783        0.000        5.641       24.152
      61.853        0.000        5.641       24.152
      62.921        0.000        5.641       24.152
      63.989        0.000        5.641       24.152
      65.058        0.000        5.641       24.152
      66.126        0.000      247.965     3814.629
      67.198        0.000      582.090     4134.629
      68.267        0.000      582.090     4134.629
      69.338        0.000      582.090     4134.629
      70.410        0.000      582.090     4134.629
      71.480        0.000      582.090     4134.629
      72.557        0.000      582.090     4134.629
      73.625        0.000      582.090     4134.629
      74.692        0.000      582.090     4134.629
      75.760        0.000      582.090     4134.629
