# Elapsed time   CPU (%)     Real (MB)   Virtual (MB)
       0.000        0.000     1210.711     4934.691
       1.081        0.000     1370.297     4934.691
       2.150        0.000     1370.297     4934.691
       3.223        0.000     1370.297     4934.691
       4.299        0.000     1370.297     4934.691
       5.363        0.000     1370.297     4934.691
       6.432        0.000     1382.113     4582.520
       7.499        0.000     1382.332     4582.520
       8.565        0.000     1382.332     4582.520
       9.633        0.000       57.875    36921.000
      10.708        0.000      260.777    36920.523
      11.775        0.000      409.738    36920.523
      12.840        0.000      514.824    36920.523
      13.903        0.000      569.133    36920.523
      14.970        0.000      569.133    36920.523
      16.036        0.000      569.133    36920.523
      17.102        0.000      621.383    36920.523
      18.166        0.000      621.383    36920.523
      19.231        0.000      621.383    36920.523
      20.295        0.000      701.941    36920.523
      21.361        0.000      701.941    36920.523
      22.426        0.000      701.941    36920.523
      23.487        0.000      781.777    36920.523
      24.555        0.000      781.797    36920.523
      25.621        0.000      781.797    36920.523
      26.686        0.000      871.531    36920.523
      27.750        0.000      871.531    36920.523
      28.815        0.000      871.531    36920.523
      29.879        0.000      872.820    36920.523
      30.947        0.000      872.820    36920.523
      32.013        0.000      872.820    36920.523
      33.078        0.000      902.914    36920.523
      34.141        0.000      902.918    36920.523
      35.206        0.000      902.918    36920.523
      36.272        0.000      902.918    36920.523
      37.336        0.000     1120.680    36920.523
      38.400        0.000     1120.680    36920.523
      39.465        0.000     1120.680    36920.523
      40.531        0.000     1120.680    36920.523
      41.595        0.000     1120.680    36920.523
      42.659        0.000     1260.895    36920.523
      43.725        0.000     1260.895    36920.523
      44.792        0.000     1260.895    36920.523
      45.859        0.000     1260.895    36920.523
      46.922        0.000     1260.895    36920.523
      47.985        0.000     1312.207    36920.523
      49.055        0.000     1312.207    36920.523
      50.120        0.000     1312.207    36920.523
      51.186        0.000     1312.207    36920.523
      52.254        0.000     1312.207    36920.523
      53.323        0.000     1333.078    36920.523
      54.393        0.000     1333.078    36920.523
      55.460        0.000     1333.078    36920.523
      56.529        0.000     1333.078    36920.523
      57.598        0.000     1333.078    36920.523
      58.666        0.000     1333.078    36920.523
      59.734        0.000     1347.992    36920.523
      60.802        0.000     1439.375    36920.523
      61.868        0.000     1439.375    36920.523
      62.937        0.000     1439.375    36920.523
      64.005        0.000     1439.375    36920.523
      65.075        0.000     1438.012    36920.523
      66.140        0.000     1438.012    36920.523
      67.208        0.000     1438.012    36920.523
      68.275        0.000     1438.012    36920.523
      69.343        0.000     1448.254    36920.523
      70.412        0.000     1448.254    36920.523
      71.477        0.000     1448.254    36920.523
      72.545        0.000     1448.254    36920.523
      73.614        0.000     1448.254    36920.523
      74.682        0.000     1448.254    36920.523
      75.751        0.000     1504.816    36920.523
      76.819        0.000     1504.816    36920.523
      77.887        0.000     1504.816    36920.523
      78.956        0.000     1504.816    36920.523
      80.023        0.000     1504.816    36920.523
      81.091        0.000     1504.816    36920.523
      82.160        0.000     1504.816    36920.523
      83.226        0.000     1570.738    36920.523
      84.295        0.000     1570.738    36920.523
      85.365        0.000     1570.738    36920.523
      86.431        0.000     1570.738    36920.523
      87.500        0.000     1570.738    36920.523
      88.569        0.000     1570.863    36985.527
      89.635        0.000     1578.062    36985.527
      90.704        0.000     1560.230    36985.527
      91.772        0.000     1556.246    36985.527
      92.840        0.000     1514.270    36985.527
      93.907        0.000     1476.270    36985.527
      94.976        0.000     1431.684    36985.527
      96.043        0.000     1388.602    36985.527
      97.111        0.000     1304.438    36985.527
      98.178        0.000     1263.355    36985.527
      99.246        0.000     1185.703    36985.527
     100.314        0.000     1113.562    36985.527
     101.383        0.000     1113.816    36985.527
     102.446        0.000     1113.809    36985.527
     103.505        0.000     1114.062    36985.527
     104.570        0.000     1120.566    36985.527
     105.635        0.000     1235.289    36985.527
     106.703        0.000     1235.488    36985.527
     107.770        0.000     1492.922    36985.527
     108.837        0.000     1492.922    36985.527
     109.906        0.000     1492.922    36985.527
     110.975        0.000     1492.922    36985.527
     112.043        0.000     1492.922    36985.527
     113.111        0.000     1492.922    36985.527
     114.178        0.000     1492.922    36985.527
     115.245        0.000     1492.922    36985.527
     116.313        0.000       43.527     1318.629
     117.381        0.000      363.988     3558.629
     118.447        0.000      582.098     3942.629
     119.514        0.000      582.098     3942.629
     120.581        0.000      582.098     3942.629
     121.648        0.000      582.098     3942.629
     122.717        0.000      582.098     3942.629
     123.784        0.000      582.098     3942.629
     124.851        0.000      582.098     3942.629
     125.918        0.000      582.098     3942.629
     126.986        0.000      582.098     3942.629
