# Elapsed time   CPU (%)     Real (MB)   Virtual (MB)
       0.000        0.000     1363.770     4934.691
       1.077        0.000     1369.957     4934.691
       2.143        0.000     1369.957     4934.691
       3.211        0.000     1369.957     4934.691
       4.278        0.000     1369.957     4934.691
       5.346        0.000     1369.957     4934.691
       6.414        0.000     1369.957     4934.691
       7.483        0.000     1369.957     4934.691
       8.551        0.000     1369.957     4934.691
       9.619        0.000     1373.723     4934.691
      10.687        0.000     1378.816     4934.691
      11.754        0.000     1382.371     4934.691
      12.822        0.000     1382.371     4934.691
      13.890        0.000     1382.371     4934.691
      14.960        0.000     1382.371     4934.691
      16.033        0.000     1382.535     4934.691
      17.092        0.000     1382.535     4934.691
      18.177        0.000     1382.535     4934.691
      19.247        0.000     1382.535     4934.691
      20.313        0.000     1382.535     4934.691
      21.379        0.000     1382.535     4934.691
      22.447        0.000     1382.535     4934.691
      23.515        0.000     1382.535     4934.691
      24.583        0.000     1382.535     4934.691
      25.654        0.000     1382.535     4934.691
      26.722        0.000     1382.535     4934.691
      27.789        0.000     1382.535     4934.691
      28.856        0.000     1382.535     4934.691
      29.924        0.000     1382.535     4934.691
      30.991        0.000     1382.535     4934.691
      32.059        0.000     1382.535     4934.691
      33.129        0.000     1382.535     4934.691
      34.200        0.000     1382.535     4934.691
      35.268        0.000     1382.535     4934.691
      36.333        0.000     1382.535     4934.691
      37.402        0.000     1382.535     4934.691
      38.470        0.000     1382.535     4934.691
      39.539        0.000     1382.535     4934.691
      40.606        0.000     1382.535     4934.691
      41.673        0.000     1382.535     4934.691
      42.743        0.000     1382.535     4934.691
      43.811        0.000     1382.535     4934.691
      44.880        0.000     1382.535     4934.691
      45.948        0.000     1382.535     4934.691
      47.016        0.000     1382.535     4934.691
      48.086        0.000     1382.535     4934.691
      49.153        0.000     1382.535     4934.691
      50.221        0.000     1382.535     4934.691
      51.288        0.000     1382.535     4934.691
      52.356        0.000     1382.535     4934.691
      53.427        0.000     1382.535     4934.691
      54.494        0.000     1382.535     4934.691
      55.565        0.000     1382.535     4934.691
      56.630        0.000     1382.535     4934.691
      57.699        0.000     1382.535     4934.691
      58.767        0.000     1382.535     4934.691
      59.833        0.000     1382.535     4934.691
      60.904        0.000     1382.535     4934.691
      61.972        0.000     1382.535     4934.691
      63.040        0.000     1382.535     4934.691
      64.107        0.000     1382.535     4934.691
      65.176        0.000     1382.535     4934.691
      66.244        0.000     1382.535     4934.691
      67.313        0.000     1382.535     4934.691
      68.382        0.000     1382.535     4934.691
      69.449        0.000     1382.535     4934.691
      70.519        0.000     1382.535     4934.691
      71.585        0.000     1382.535     4934.691
      72.652        0.000     1382.535     4934.691
      73.721        0.000     1382.535     4934.691
      74.789        0.000     1382.535     4934.691
      75.859        0.000     1382.535     4934.691
      76.926        0.000     1382.535     4934.691
      77.995        0.000     1382.535     4934.691
      79.061        0.000     1382.535     4934.691
      80.132        0.000     1382.535     4934.691
      81.197        0.000     1382.535     4934.691
      82.268        0.000     1382.535     4934.691
      83.336        0.000     1382.535     4934.691
      84.404        0.000     1382.535     4934.691
      85.472        0.000     1382.535     4934.691
      86.539        0.000     1382.535     4934.691
      87.607        0.000     1382.535     4934.691
      88.675        0.000     1382.535     4934.691
      89.743        0.000     1382.535     4934.691
      90.810        0.000     1382.535     4934.691
      91.879        0.000     1382.535     4934.691
      92.948        0.000     1382.535     4934.691
      94.017        0.000     1382.535     4934.691
      95.085        0.000     1382.535     4934.691
      96.153        0.000     1382.535     4934.691
      97.223        0.000     1382.535     4934.691
      98.292        0.000     1382.535     4934.691
      99.361        0.000     1382.535     4934.691
     100.433        0.000     1382.535     4934.691
     101.501        0.000     1382.535     4934.691
     102.569        0.000     1382.535     4934.691
     103.638        0.000     1382.535     4934.691
     104.708        0.000     1382.535     4934.691
     105.778        0.000     1382.535     4934.691
     106.843        0.000     1382.535     4934.691
     107.910        0.000     1382.535     4934.691
     108.979        0.000     1382.535     4934.691
     110.048        0.000     1382.535     4934.691
     111.116        0.000     1382.535     4934.691
     112.184        0.000     1382.535     4934.691
     113.252        0.000     1382.535     4934.691
     114.320        0.000     1382.535     4934.691
     115.388        0.000     1382.535     4934.691
     116.456        0.000     1382.535     4934.691
     117.524        0.000     1382.535     4934.691
     118.591        0.000     1382.535     4934.691
     119.661        0.000     1382.535     4934.691
     120.731        0.000     1382.535     4934.691
     121.802        0.000     1382.535     4934.691
     122.874        0.000     1382.535     4934.691
     123.942        0.000     1382.535     4934.691
     125.011        0.000     1382.535     4934.691
     126.079        0.000     1382.535     4934.691
     127.145        0.000     1382.535     4934.691
     128.213        0.000     1382.535     4934.691
     129.281        0.000     1382.535     4934.691
     130.349        0.000     1382.535     4934.691
     131.419        0.000     1382.535     4934.691
     132.488        0.000     1382.535     4934.691
     133.554        0.000     1382.535     4934.691
     134.647        0.000     1382.535     4934.691
     135.716        0.000     1382.246     4582.520
     136.786        0.000     1382.246     4582.520
     137.857        0.000     1382.246     4582.520
     138.926        0.000       45.012    36921.000
     139.996        0.000      256.875    36920.523
     141.063        0.000      452.094    36920.523
     142.131        0.000      510.719    36920.523
     143.201        0.000      578.531    36920.523
     144.268        0.000      578.531    36920.523
     145.332        0.000      638.074    36920.523
     146.402        0.000      638.074    36920.523
     147.470        0.000      638.074    36920.523
     148.539        0.000      719.441    36920.523
     149.607        0.000      719.441    36920.523
     150.676        0.000      719.441    36920.523
     151.743        0.000      802.312    36920.523
     152.811        0.000      802.312    36920.523
     153.880        0.000      986.219    36920.523
     154.942        0.000      986.219    36920.523
     156.011        0.000      986.219    36920.523
     157.082        0.000      986.219    36920.523
     158.151        0.000     1025.531    36920.523
     159.218        0.000     1125.938    36920.523
     160.286        0.000     1332.496    36920.523
     161.350        0.000     1332.496    36920.523
     162.422        0.000     1332.496    36920.523
     163.492        0.000     1332.496    36920.523
     164.560        0.000     1332.496    36920.523
     165.628        0.000     1423.938    36920.523
     166.696        0.000     1423.938    36920.523
     167.761        0.000     1423.938    36920.523
     168.830        0.000     1423.938    36920.523
     169.899        0.000     1423.938    36920.523
     170.968        0.000     1353.102    36920.523
     172.036        0.000     1353.102    36920.523
     173.103        0.000     1353.102    36920.523
     174.170        0.000     1353.102    36920.523
     175.238        0.000     1496.727    36920.523
     176.296        0.000     1496.727    36920.523
     177.366        0.000     1496.727    36920.523
     178.436        0.000     1496.727    36920.523
     179.507        0.000     1496.727    36920.523
     180.575        0.000     1378.000    36920.523
     181.643        0.000     1378.000    36920.523
     182.711        0.000     1378.000    36920.523
     183.777        0.000     1378.000    36920.523
     184.843        0.000     1458.355    36920.523
     185.911        0.000     1458.355    36920.523
     186.977        0.000     1458.355    36920.523
     188.044        0.000     1458.355    36920.523
     189.111        0.000     1517.367    36920.523
     190.180        0.000     1517.539    36920.523
     191.246        0.000     1517.539    36920.523
     192.313        0.000     1517.539    36920.523
     193.380        0.000     1684.281    36920.523
     194.448        0.000     1684.281    36920.523
     195.515        0.000     1684.281    36920.523
     196.584        0.000     1684.281    36920.523
     197.648        0.000     1777.953    36920.523
     198.717        0.000     1777.953    36920.523
     199.783        0.000     1777.953    36920.523
     200.851        0.000     1777.953    36920.523
     201.917        0.000     1777.953    36920.523
     202.983        0.000     1777.953    36920.523
     204.050        0.000     1842.641    36920.523
     205.138        0.000     1844.656    36920.523
     206.206        0.000     1844.656    36920.523
     207.273        0.000     1844.656    36920.523
     208.342        0.000     1844.656    36920.523
     209.408        0.000     1844.656    36920.523
     210.474        0.000     1844.656    36920.523
     211.545        0.000     1843.523    36920.523
     212.613        0.000     1843.523    36920.523
     213.681        0.000     1843.523    36920.523
     214.748        0.000     1843.523    36920.523
     215.816        0.000     1843.523    36920.523
     216.884        0.000     1843.523    36920.523
     217.953        0.000     1843.523    36920.523
     219.021        0.000     1846.379    36920.523
     220.089        0.000     1846.379    36920.523
     221.157        0.000     1846.391    36920.523
     222.224        0.000     1846.418    36920.523
     223.284        0.000     1846.418    36920.523
     224.354        0.000     1846.418    36920.523
     225.419        0.000     1846.418    36920.523
     226.484        0.000     1834.758    36920.523
     227.554        0.000     1834.758    36920.523
     228.622        0.000     1834.758    36920.523
     229.690        0.000     1834.758    36920.523
     230.758        0.000     1834.758    36920.523
     231.825        0.000     1814.531    36920.523
     232.893        0.000     1814.703    36920.523
     233.960        0.000     1814.703    36920.523
     235.025        0.000     1814.703    36920.523
     236.113        0.000     1814.703    36920.523
     237.179        0.000     1814.703    36920.523
     238.246        0.000     1771.805    36920.523
     239.316        0.000     1771.805    36920.523
     240.383        0.000     1771.805    36920.523
     241.455        0.000     1771.805    36920.523
     242.526        0.000     1771.977    36920.523
     243.593        0.000     1771.977    36920.523
     244.660        0.000     1722.727    36920.523
     245.728        0.000     1722.727    36920.523
     246.795        0.000     1722.727    36920.523
     247.863        0.000     1722.746    36920.523
     248.930        0.000     1722.746    36920.523
     249.997        0.000     1705.305    36920.523
     251.064        0.000     1705.305    36920.523
     252.130        0.000     1705.305    36920.523
     253.198        0.000     1705.305    36920.523
     254.267        0.000     1705.305    36920.523
     255.334        0.000     1705.305    36920.523
     256.400        0.000     1693.488    36920.523
     257.468        0.000     1693.512    36920.523
     258.535        0.000     1693.512    36920.523
     259.602        0.000     1693.512    36920.523
     260.669        0.000     1693.512    36920.523
     261.737        0.000     1663.391    36920.523
     262.804        0.000     1663.391    36920.523
     263.891        0.000     1663.391    36920.523
     264.960        0.000     1663.391    36920.523
     266.030        0.000     1663.391    36920.523
     267.092        0.000     1663.391    36920.523
     268.158        0.000     1612.934    36920.523
     269.226        0.000     1612.934    36920.523
     270.307        0.000     1612.934    36920.523
     271.374        0.000     1612.934    36920.523
     272.439        0.000     1612.934    36920.523
     273.506        0.000     1590.711    36920.523
     274.573        0.000     1590.711    36920.523
     275.641        0.000     1590.711    36920.523
     276.708        0.000     1590.711    36920.523
     277.774        0.000     1574.879    36920.523
     278.825        0.000     1574.879    36920.523
     279.890        0.000     1574.879    36920.523
     280.957        0.000     1574.879    36920.523
     282.024        0.000     1574.879    36920.523
     283.093        0.000     1574.879    36920.523
     284.159        0.000     1549.332    36920.523
     285.225        0.000     1549.332    36920.523
     286.293        0.000     1549.332    36920.523
     287.360        0.000     1549.332    36920.523
     288.427        0.000     1503.457    36920.523
     289.494        0.000     1503.457    36920.523
     290.561        0.000     1503.457    36920.523
     291.629        0.000     1503.457    36920.523
     292.696        0.000     1500.988    36920.523
     293.764        0.000     1500.988    36920.523
     294.834        0.000     1500.988    36920.523
     295.899        0.000     1500.988    36920.523
     296.965        0.000     1500.988    36920.523
     298.033        0.000     1501.008    36920.523
     299.101        0.000     1501.012    36920.523
     300.168        0.000     1501.012    36920.523
     301.238        0.000     1501.012    36920.523
     302.303        0.000     1501.125    36920.523
     303.370        0.000     1501.125    36920.523
     304.437        0.000     1501.125    36920.523
     305.505        0.000     1501.125    36920.523
     306.575        0.000     1501.125    36920.523
     307.640        0.000     1501.164    36920.523
     308.708        0.000     1501.164    36920.523
     309.775        0.000     1501.164    36920.523
     310.841        0.000     1501.152    36920.523
     311.908        0.000     1501.152    36920.523
     312.978        0.000     1501.152    36920.523
     314.043        0.000     1501.160    36920.523
     315.113        0.000     1473.578    36920.523
     316.179        0.000     1473.578    36920.523
     317.245        0.000     1473.578    36920.523
     318.313        0.000     1473.578    36920.523
     319.379        0.000     1453.039    36920.523
     320.445        0.000     1453.039    36920.523
     321.513        0.000     1453.039    36920.523
     322.581        0.000     1453.039    36920.523
     323.649        0.000     1453.039    36920.523
     324.717        0.000     1453.039    36920.523
     325.783        0.000     1453.043    36920.523
     326.851        0.000     1426.992    36920.523
     327.918        0.000     1426.992    36920.523
     328.985        0.000     1426.992    36920.523
     330.054        0.000     1426.992    36920.523
     331.120        0.000     1425.488    36920.523
     332.187        0.000     1425.488    36920.523
     333.255        0.000     1425.488    36920.523
     334.322        0.000     1383.406    36920.523
     335.390        0.000     1383.406    36920.523
     336.459        0.000     1383.406    36920.523
     337.525        0.000     1383.406    36920.523
     338.593        0.000     1383.406    36920.523
     339.660        0.000     1383.406    36920.523
     340.726        0.000     1383.406    36920.523
     341.796        0.000     1374.891    36920.523
     342.862        0.000     1374.891    36920.523
     343.929        0.000     1374.891    36920.523
     344.996        0.000     1335.312    36920.523
     346.064        0.000     1335.312    36920.523
     347.131        0.000     1335.312    36920.523
     348.201        0.000     1310.266    36920.523
     349.267        0.000     1310.270    36920.523
     350.333        0.000     1310.270    36920.523
     351.400        0.000     1310.270    36920.523
     352.467        0.000     1310.270    36920.523
     353.535        0.000     1310.270    36920.523
     354.602        0.000     1310.270    36920.523
     355.669        0.000     1310.270    36920.523
     356.735        0.000     1310.551    36920.523
     357.803        0.000     1310.551    36920.523
     358.869        0.000     1310.551    36920.523
     359.936        0.000     1310.555    36920.523
     360.993        0.000     1310.555    36920.523
     362.060        0.000     1310.555    36920.523
     363.126        0.000     1353.180    36920.523
     364.194        0.000     1353.180    36920.523
     365.262        0.000     1353.180    36920.523
     366.329        0.000     1353.180    36920.523
     367.395        0.000     1353.562    36920.523
     368.461        0.000     1353.562    36920.523
     369.527        0.000     1353.562    36920.523
     370.594        0.000     1425.562    36920.523
     371.661        0.000     1425.562    36920.523
     372.728        0.000     1425.562    36920.523
     373.795        0.000     1429.250    36920.523
     374.862        0.000     1429.250    36920.523
     375.928        0.000     1429.250    36920.523
     376.994        0.000     1429.250    36920.523
     378.058        0.000     1505.531    36920.523
     379.123        0.000     1505.531    36920.523
     380.189        0.000     1505.531    36920.523
     381.257        0.000     1505.531    36920.523
     382.324        0.000     1505.531    36920.523
     383.392        0.000     1509.727    36920.523
     384.459        0.000     1509.727    36920.523
     385.525        0.000     1509.738    36920.523
     386.592        0.000     1509.738    36920.523
     387.659        0.000     1509.738    36920.523
     388.736        0.000     1509.648    36920.523
     389.803        0.000     1509.648    36920.523
     390.868        0.000     1510.215    36920.523
     391.931        0.000     1510.207    36920.523
     392.998        0.000     1510.207    36920.523
     394.064        0.000     1510.207    36920.523
     395.131        0.000     1510.207    36920.523
     396.197        0.000     1510.207    36920.523
     397.261        0.000     1517.145    36920.523
     398.325        0.000     1517.145    36920.523
     399.391        0.000     1517.145    36920.523
     400.459        0.000     1517.145    36920.523
     401.524        0.000     1517.145    36920.523
     402.591        0.000     1518.535    36920.523
     403.657        0.000     1518.535    36920.523
     404.721        0.000     1518.535    36920.523
     405.786        0.000     1518.535    36920.523
     406.851        0.000     1521.355    36920.523
     407.917        0.000     1521.355    36920.523
     408.985        0.000     1521.355    36920.523
     410.051        0.000     1521.355    36920.523
     411.118        0.000     1521.316    36920.523
     412.186        0.000     1521.316    36920.523
     413.252        0.000     1521.316    36920.523
     414.318        0.000     1521.316    36920.523
     415.384        0.000     1521.445    36920.523
     416.449        0.000     1521.445    36920.523
     417.512        0.000     1521.449    36920.523
     418.579        0.000     1521.449    36920.523
     419.646        0.000     1521.418    36920.523
     420.714        0.000     1521.418    36920.523
     421.780        0.000     1521.418    36920.523
     422.846        0.000     1521.418    36920.523
     423.914        0.000     1483.465    36920.523
     424.981        0.000     1483.465    36920.523
     426.048        0.000     1483.465    36920.523
     427.114        0.000     1483.465    36920.523
     428.178        0.000     1470.941    36920.523
     429.243        0.000     1470.941    36920.523
     430.311        0.000     1470.941    36920.523
     431.375        0.000     1471.129    36920.523
     432.443        0.000     1471.133    36920.523
     433.510        0.000     1471.133    36920.523
     434.577        0.000     1471.133    36920.523
     435.644        0.000     1431.367    36920.523
     436.710        0.000     1431.367    36920.523
     437.776        0.000     1431.367    36920.523
     438.839        0.000     1431.367    36920.523
     439.904        0.000     1431.367    36920.523
     440.969        0.000     1431.367    36920.523
     442.035        0.000     1401.809    36920.523
     443.101        0.000     1401.809    36920.523
     444.163        0.000     1401.809    36920.523
     445.228        0.000     1401.809    36920.523
     446.296        0.000     1401.809    36920.523
     447.362        0.000     1401.828    36920.523
     448.429        0.000     1401.828    36920.523
     449.496        0.000     1379.785    36920.523
     450.563        0.000     1379.785    36920.523
     451.629        0.000     1379.785    36920.523
     452.698        0.000     1379.879    36920.523
     453.764        0.000     1379.883    36920.523
     454.829        0.000     1379.883    36920.523
     455.891        0.000     1380.062    36920.523
     456.958        0.000     1380.062    36920.523
     458.024        0.000     1380.062    36920.523
     459.091        0.000     1380.137    36920.523
     460.157        0.000     1380.137    36920.523
     461.221        0.000     1380.137    36920.523
     462.289        0.000     1380.137    36920.523
     463.356        0.000     1380.137    36920.523
     464.425        0.000     1380.062    36920.523
     465.489        0.000     1380.062    36920.523
     466.555        0.000     1380.062    36920.523
     467.621        0.000     1380.062    36920.523
     468.687        0.000     1380.016    36920.523
     469.753        0.000     1380.016    36920.523
     470.819        0.000     1380.043    36920.523
     471.883        0.000     1380.043    36920.523
     472.948        0.000     1380.043    36920.523
     474.014        0.000     1380.082    36920.523
     475.080        0.000     1380.051    36920.523
     476.146        0.000     1380.051    36920.523
     477.212        0.000     1380.059    36920.523
     478.275        0.000     1380.059    36920.523
     479.339        0.000     1380.078    36920.523
     480.407        0.000     1380.078    36920.523
     481.478        0.000     1380.078    36920.523
     482.544        0.000     1380.043    36920.523
     483.612        0.000     1380.043    36920.523
     484.678        0.000     1380.043    36920.523
     485.744        0.000     1380.086    36920.523
     486.810        0.000     1368.551    36920.523
     487.872        0.000     1368.551    36920.523
     488.937        0.000     1330.996    36920.523
     490.005        0.000     1330.996    36920.523
     491.071        0.000     1330.996    36920.523
     492.138        0.000     1330.996    36920.523
     493.207        0.000     1330.996    36920.523
     494.272        0.000     1330.996    36920.523
     495.338        0.000     1330.996    36920.523
     496.403        0.000     1330.996    36920.523
     497.465        0.000     1330.996    36920.523
     498.534        0.000     1330.996    36920.523
     499.599        0.000     1293.422    36920.523
     500.665        0.000     1293.422    36920.523
     501.731        0.000     1293.422    36920.523
     502.796        0.000     1263.863    36920.523
     503.859        0.000     1263.863    36920.523
     504.928        0.000     1263.871    36920.523
     505.992        0.000     1252.852    36920.523
     507.059        0.000     1252.910    36920.523
     508.125        0.000     1252.910    36920.523
     509.188        0.000     1253.117    36920.523
     510.253        0.000     1253.137    36920.523
     511.322        0.000     1253.238    36920.523
     512.386        0.000     1253.238    36920.523
     513.454        0.000     1253.238    36920.523
     514.520        0.000     1281.789    36920.523
     515.588        0.000     1281.789    36920.523
     516.657        0.000     1281.789    36920.523
     517.725        0.000     1281.789    36920.523
     518.793        0.000     1281.789    36920.523
     519.859        0.000     1282.281    36920.523
     520.925        0.000     1282.281    36920.523
     521.992        0.000     1284.230    36920.523
     523.059        0.000     1284.230    36920.523
     524.126        0.000     1284.230    36920.523
     525.192        0.000     1286.758    36920.523
     526.258        0.000     1286.758    36920.523
     527.322        0.000     1286.758    36920.523
     528.388        0.000     1286.758    36920.523
     529.451        0.000     1286.535    36920.523
     530.517        0.000     1286.535    36920.523
     531.581        0.000     1286.535    36920.523
     532.645        0.000     1286.469    36920.523
     533.711        0.000     1286.469    36920.523
     534.778        0.000     1286.469    36920.523
     535.845        0.000     1276.574    36920.523
     536.912        0.000     1276.574    36920.523
     537.978        0.000     1271.566    36920.523
     539.043        0.000     1271.566    36920.523
     540.109        0.000     1271.566    36920.523
     541.172        0.000     1271.566    36920.523
     542.240        0.000     1271.566    36920.523
     543.306        0.000     1271.566    36920.523
     544.371        0.000     1271.793    36920.523
     545.435        0.000     1271.793    36920.523
     546.498        0.000     1271.793    36920.523
     547.564        0.000     1318.609    36920.523
     548.629        0.000     1318.609    36920.523
     549.691        0.000     1318.609    36920.523
     550.757        0.000     1318.609    36920.523
     551.824        0.000     1321.996    36920.523
     552.889        0.000     1321.996    36920.523
     553.951        0.000     1321.996    36920.523
     555.018        0.000     1321.996    36920.523
     556.084        0.000     1321.996    36920.523
     557.150        0.000     1321.996    36920.523
     558.221        0.000     1321.996    36920.523
     559.290        0.000     1321.977    36920.523
     560.359        0.000     1321.977    36920.523
     561.426        0.000     1321.977    36920.523
     562.497        0.000     1321.977    36920.523
     563.565        0.000     1321.910    36920.523
     564.632        0.000     1321.910    36920.523
     565.698        0.000     1321.910    36920.523
     566.764        0.000     1318.660    36920.523
     567.832        0.000     1318.660    36920.523
     568.888        0.000     1318.660    36920.523
     569.954        0.000     1318.660    36920.523
     571.013        0.000     1318.660    36920.523
     572.079        0.000     1318.660    36920.523
     573.144        0.000     1318.660    36920.523
     574.212        0.000     1318.660    36920.523
     575.279        0.000     1318.660    36920.523
     576.343        0.000     1318.680    36920.523
     577.409        0.000     1318.680    36920.523
     578.475        0.000     1318.680    36920.523
     579.542        0.000     1313.156    36920.523
     580.607        0.000     1313.160    36920.523
     581.675        0.000     1313.160    36920.523
     582.739        0.000     1289.613    36920.523
     583.802        0.000     1289.613    36920.523
     584.868        0.000     1264.562    36920.523
     585.931        0.000     1264.562    36920.523
     586.994        0.000     1264.562    36920.523
     588.059        0.000     1240.016    36920.523
     589.127        0.000     1240.016    36920.523
     590.192        0.000     1240.016    36920.523
     591.258        0.000     1221.480    36920.523
     592.321        0.000     1221.480    36920.523
     593.386        0.000     1221.730    36920.523
     594.452        0.000     1221.730    36920.523
     595.518        0.000     1250.633    36920.523
     596.585        0.000     1250.633    36920.523
     597.650        0.000     1250.633    36920.523
     598.714        0.000     1255.480    36920.523
     599.790        0.000     1255.480    36920.523
     600.855        0.000     1255.480    36920.523
     601.922        0.000     1255.473    36920.523
     602.988        0.000     1255.473    36920.523
     604.054        0.000     1255.473    36920.523
     605.120        0.000     1255.473    36920.523
     606.182        0.000     1255.727    36920.523
     607.247        0.000     1255.727    36920.523
     608.313        0.000     1255.727    36920.523
     609.378        0.000     1255.727    36920.523
     610.443        0.000     1347.418    36920.523
     611.507        0.000     1347.418    36920.523
     612.573        0.000     1347.418    36920.523
     613.639        0.000     1351.246    36920.523
     614.702        0.000     1351.246    36920.523
     615.767        0.000     1351.246    36920.523
     616.834        0.000     1351.246    36920.523
     617.901        0.000     1351.246    36920.523
     618.968        0.000     1515.797    36920.523
     620.035        0.000     1515.797    36920.523
     621.100        0.000     1515.797    36920.523
     622.168        0.000     1515.797    36920.523
     623.229        0.000     1467.602    36920.523
     624.295        0.000     1467.602    36920.523
     625.362        0.000     1467.602    36920.523
     626.427        0.000     1467.602    36920.523
     627.492        0.000     1538.898    36920.523
     628.555        0.000     1538.898    36920.523
     629.620        0.000     1538.898    36920.523
     630.686        0.000     1538.898    36920.523
     631.751        0.000     1507.629    36920.523
     632.813        0.000     1507.629    36920.523
     633.881        0.000     1507.629    36920.523
     634.948        0.000     1507.629    36920.523
     636.014        0.000     1530.461    36920.523
     637.081        0.000     1530.504    36920.523
     638.145        0.000     1530.504    36920.523
     639.208        0.000     1530.504    36920.523
     640.276        0.000     1530.504    36920.523
     641.342        0.000     1530.707    36920.523
     642.408        0.000     1530.707    36920.523
     643.474        0.000     1530.707    36920.523
     644.538        0.000     1530.707    36920.523
     645.604        0.000     1474.406    36920.523
     646.669        0.000     1474.406    36920.523
     647.735        0.000     1474.406    36920.523
     648.801        0.000     1474.406    36920.523
     649.868        0.000     1461.383    36920.523
     650.934        0.000     1461.383    36920.523
     651.999        0.000     1461.383    36920.523
     653.068        0.000     1458.875    36920.523
     654.133        0.000     1458.875    36920.523
     655.198        0.000     1458.875    36920.523
     656.265        0.000     1458.875    36920.523
     657.330        0.000     1415.902    36920.523
     658.394        0.000     1415.902    36920.523
     659.458        0.000     1415.902    36920.523
     660.524        0.000     1415.902    36920.523
     661.591        0.000     1415.902    36920.523
     662.655        0.000     1415.902    36920.523
     663.718        0.000     1381.336    36920.523
     664.784        0.000     1381.336    36920.523
     665.850        0.000     1381.336    36920.523
     666.916        0.000     1381.586    36920.523
     667.979        0.000     1381.586    36920.523
     669.046        0.000     1381.664    36920.523
     670.111        0.000     1381.664    36920.523
     671.178        0.000     1376.902    36920.523
     672.244        0.000     1376.902    36920.523
     673.310        0.000     1376.902    36920.523
     674.375        0.000     1335.344    36920.523
     675.442        0.000     1335.344    36920.523
     676.506        0.000     1335.344    36920.523
     677.572        0.000     1335.344    36920.523
     678.638        0.000     1335.344    36920.523
     679.703        0.000     1335.344    36920.523
     680.766        0.000     1335.344    36920.523
     681.832        0.000     1335.363    36920.523
     682.898        0.000     1335.363    36920.523
     683.964        0.000     1335.363    36920.523
     685.028        0.000     1322.816    36920.523
     686.092        0.000     1322.816    36920.523
     687.159        0.000     1322.816    36920.523
     688.225        0.000     1286.746    36920.523
     689.291        0.000     1286.746    36920.523
     690.358        0.000     1286.746    36920.523
     691.424        0.000     1286.746    36920.523
     692.492        0.000     1286.746    36920.523
     693.558        0.000     1286.852    36920.523
     694.620        0.000     1286.852    36920.523
     695.685        0.000     1286.852    36920.523
     696.752        0.000     1286.852    36920.523
     697.819        0.000     1286.836    36920.523
     698.887        0.000     1286.836    36920.523
     699.954        0.000     1286.836    36920.523
     701.021        0.000     1286.762    36920.523
     702.087        0.000     1286.770    36920.523
     703.153        0.000     1286.770    36920.523
     704.215        0.000     1286.770    36920.523
     705.283        0.000     1286.770    36920.523
     706.350        0.000     1286.770    36920.523
     707.416        0.000     1286.770    36920.523
     708.481        0.000     1286.789    36920.523
     709.546        0.000     1286.789    36920.523
     710.611        0.000     1286.789    36920.523
     711.675        0.000     1264.211    36920.523
     712.741        0.000     1264.211    36920.523
     713.808        0.000     1264.211    36920.523
     714.872        0.000     1250.684    36920.523
     715.935        0.000     1250.684    36920.523
     717.004        0.000     1250.684    36920.523
     718.069        0.000     1250.684    36920.523
     719.136        0.000     1250.684    36920.523
     720.203        0.000     1250.703    36920.523
     721.269        0.000     1250.703    36920.523
     722.334        0.000     1250.703    36920.523
     723.397        0.000     1250.746    36920.523
     724.465        0.000     1250.746    36920.523
     725.531        0.000     1250.746    36920.523
     726.599        0.000     1250.770    36920.523
     727.665        0.000     1250.770    36920.523
     728.734        0.000     1250.770    36920.523
     729.799        0.000     1250.969    36920.523
     730.863        0.000     1250.969    36920.523
     731.926        0.000     1269.621    36920.523
     732.991        0.000     1269.621    36920.523
     734.058        0.000     1269.621    36920.523
     735.126        0.000     1269.621    36920.523
     736.191        0.000     1269.621    36920.523
     737.257        0.000     1269.621    36920.523
     738.320        0.000     1269.621    36920.523
     739.386        0.000     1269.570    36920.523
     740.454        0.000     1269.570    36920.523
     741.520        0.000     1269.570    36920.523
     742.586        0.000     1269.902    36920.523
     743.652        0.000     1269.902    36920.523
     744.717        0.000     1269.902    36920.523
     745.779        0.000     1270.043    36920.523
     746.845        0.000     1270.043    36920.523
     747.913        0.000     1270.043    36920.523
     748.979        0.000     1270.043    36920.523
     750.046        0.000     1270.043    36920.523
     751.111        0.000     1270.043    36920.523
     752.178        0.000     1335.418    36920.523
     753.240        0.000     1335.418    36920.523
     754.305        0.000     1335.418    36920.523
     755.372        0.000     1335.637    36920.523
     756.439        0.000     1335.637    36920.523
     757.509        0.000     1335.637    36920.523
     758.574        0.000     1335.887    36920.523
     759.639        0.000     1335.887    36920.523
     760.702        0.000     1335.887    36920.523
     761.767        0.000     1335.887    36920.523
     762.834        0.000     1335.871    36920.523
     763.901        0.000     1335.871    36920.523
     764.968        0.000     1335.871    36920.523
     766.034        0.000     1336.047    36920.523
     767.098        0.000     1336.047    36920.523
     768.162        0.000     1336.047    36920.523
     769.230        0.000     1336.043    36920.523
     770.295        0.000     1336.043    36920.523
     771.361        0.000     1336.043    36920.523
     772.428        0.000     1336.043    36920.523
     773.494        0.000     1336.043    36920.523
     774.557        0.000     1336.043    36920.523
     775.621        0.000     1320.527    36920.523
     776.687        0.000     1320.527    36920.523
     777.753        0.000     1320.527    36920.523
     778.818        0.000     1289.570    36920.523
     779.881        0.000     1289.570    36920.523
     780.950        0.000     1289.570    36920.523
     782.015        0.000     1254.000    36920.523
     783.082        0.000     1254.000    36920.523
     784.147        0.000     1254.000    36920.523
     785.217        0.000     1219.934    36920.523
     786.284        0.000     1219.934    36920.523
     787.350        0.000     1188.375    36920.523
     788.421        0.000     1188.375    36920.523
     789.486        0.000     1188.375    36920.523
     790.553        0.000     1163.824    36920.523
     791.619        0.000     1163.824    36920.523
     792.688        0.000     1163.824    36920.523
     793.754        0.000     1148.797    36920.523
     794.820        0.000     1148.797    36920.523
     795.886        0.000     1148.797    36920.523
     796.950        0.000     1143.285    36920.523
     798.014        0.000     1143.285    36920.523
     799.082        0.000     1143.285    36920.523
     800.148        0.000     1143.285    36920.523
     801.214        0.000     1143.324    36920.523
     802.282        0.000     1143.324    36920.523
     803.348        0.000     1143.324    36920.523
     804.415        0.000     1136.273    36920.523
     805.480        0.000     1136.273    36920.523
     806.545        0.000     1136.379    36920.523
     807.608        0.000     1136.379    36920.523
     808.675        0.000     1136.484    36920.523
     809.742        0.000     1136.484    36920.523
     810.813        0.000     1136.484    36920.523
     811.880        0.000     1136.410    36920.523
     812.945        0.000     1136.410    36920.523
     814.012        0.000     1136.410    36920.523
     815.078        0.000     1136.410    36920.523
     816.144        0.000     1136.527    36920.523
     817.210        0.000     1136.527    36920.523
     818.272        0.000     1136.781    36920.523
     819.339        0.000     1136.781    36920.523
     820.405        0.000     1217.605    36920.523
     821.471        0.000     1217.605    36920.523
     822.536        0.000     1217.605    36920.523
     823.599        0.000     1217.621    36920.523
     824.665        0.000     1217.621    36920.523
     825.733        0.000     1217.621    36920.523
     826.800        0.000     1217.621    36920.523
     827.867        0.000     1217.621    36920.523
     828.934        0.000     1217.621    36920.523
     830.002        0.000     1217.621    36920.523
     831.068        0.000     1217.875    36920.523
     832.136        0.000     1217.875    36920.523
     833.202        0.000     1217.875    36920.523
     834.270        0.000     1217.875    36920.523
     835.335        0.000     1273.855    36920.523
     836.400        0.000     1273.855    36920.523
     837.463        0.000     1273.855    36920.523
     838.530        0.000     1273.855    36920.523
     839.597        0.000     1273.855    36920.523
     840.663        0.000     1273.855    36920.523
     841.729        0.000     1273.793    36920.523
     842.794        0.000     1273.793    36920.523
     843.857        0.000     1273.793    36920.523
     844.923        0.000     1273.750    36920.523
     845.991        0.000     1273.750    36920.523
     847.058        0.000     1273.750    36920.523
     848.125        0.000     1273.750    36920.523
     849.194        0.000     1350.320    36920.523
     850.262        0.000     1350.320    36920.523
     851.329        0.000     1350.320    36920.523
     852.395        0.000     1350.316    36920.523
     853.462        0.000     1350.316    36920.523
     854.529        0.000     1331.027    36920.523
     855.591        0.000     1331.027    36920.523
     856.654        0.000     1331.027    36920.523
     857.720        0.000     1331.027    36920.523
     858.787        0.000     1292.953    36920.523
     859.855        0.000     1292.953    36920.523
     860.922        0.000     1270.410    36920.523
     861.988        0.000     1270.410    36920.523
     863.055        0.000     1270.410    36920.523
     864.119        0.000     1253.875    36920.523
     865.183        0.000     1253.875    36920.523
     866.248        0.000     1253.875    36920.523
     867.315        0.000     1233.836    36920.523
     868.381        0.000     1233.836    36920.523
     869.446        0.000     1233.836    36920.523
     870.510        0.000     1204.281    36920.523
     871.575        0.000     1204.281    36920.523
     872.641        0.000     1174.223    36920.523
     873.708        0.000     1174.223    36920.523
     874.776        0.000     1174.223    36920.523
     875.843        0.000     1156.188    36920.523
     876.909        0.000     1156.188    36920.523
     877.975        0.000     1156.188    36920.523
     879.038        0.000     1151.676    36920.523
     880.103        0.000     1151.676    36920.523
     881.173        0.000     1151.676    36920.523
     882.238        0.000     1151.676    36920.523
     883.304        0.000     1151.754    36920.523
     884.371        0.000     1151.754    36920.523
     885.438        0.000     1151.754    36920.523
     886.502        0.000     1151.875    36920.523
     887.565        0.000     1151.875    36920.523
     888.631        0.000     1151.875    36920.523
     889.698        0.000     1151.703    36920.523
     890.766        0.000     1151.703    36920.523
     891.834        0.000     1151.703    36920.523
     892.902        0.000     1151.703    36920.523
     893.968        0.000     1151.883    36920.523
     895.035        0.000     1151.883    36920.523
     896.101        0.000     1151.883    36920.523
     897.165        0.000     1151.883    36920.523
     898.229        0.000     1151.883    36920.523
     899.295        0.000     1209.633    36920.523
     900.369        0.000     1245.371    36920.523
     901.432        0.000     1245.371    36920.523
     902.497        0.000     1245.371    36920.523
     903.563        0.000     1245.355    36920.523
     904.631        0.000     1245.355    36920.523
     905.698        0.000     1245.355    36920.523
     906.765        0.000     1245.285    36920.523
     907.832        0.000     1245.285    36920.523
     908.901        0.000     1245.285    36920.523
     909.971        0.000     1245.285    36920.523
     911.040        0.000     1245.285    36920.523
     912.107        0.000     1245.285    36920.523
     913.176        0.000     1245.285    36920.523
     914.240        0.000     1249.500    36920.523
     915.286        0.000     1249.500    36920.523
     916.354        0.000     1249.500    36920.523
     917.420        0.000     1249.531    36920.523
     918.486        0.000     1249.531    36920.523
     919.552        0.000     1249.531    36920.523
     920.614        0.000     1249.531    36920.523
     921.680        0.000     1249.531    36920.523
     922.746        0.000     1249.691    36920.523
     923.813        0.000     1249.691    36920.523
     924.881        0.000     1249.691    36920.523
     925.948        0.000     1249.691    36920.523
     927.015        0.000     1355.277    36920.523
     928.081        0.000     1355.277    36920.523
     929.147        0.000     1355.277    36920.523
     930.212        0.000     1358.781    36920.523
     931.276        0.000     1358.781    36920.523
     932.342        0.000     1358.781    36920.523
     933.410        0.000     1358.922    36920.523
     934.477        0.000     1358.922    36920.523
     935.543        0.000     1358.922    36920.523
     936.610        0.000     1358.922    36920.523
     937.676        0.000     1358.922    36920.523
     938.743        0.000     1359.336    36920.523
     939.807        0.000     1359.336    36920.523
     940.871        0.000     1359.336    36920.523
     941.938        0.000     1359.336    36920.523
     943.004        0.000     1384.719    36920.523
     944.072        0.000     1384.719    36920.523
     945.139        0.000     1384.719    36920.523
     946.206        0.000     1384.719    36920.523
     947.272        0.000     1388.820    36920.523
     948.338        0.000     1388.820    36920.523
     949.403        0.000     1388.820    36920.523
     950.468        0.000     1388.820    36920.523
     951.533        0.000     1423.867    36920.523
     952.600        0.000     1423.867    36920.523
     953.666        0.000     1423.867    36920.523
     954.732        0.000     1425.996    36920.523
     955.797        0.000     1425.996    36920.523
     956.863        0.000     1425.996    36920.523
     957.928        0.000     1425.996    36920.523
     958.996        0.000     1425.910    36920.523
     960.059        0.000     1425.910    36920.523
     961.127        0.000     1425.910    36920.523
     962.195        0.000     1425.910    36920.523
     963.262        0.000     1425.910    36920.523
     964.329        0.000     1425.910    36920.523
     965.396        0.000     1425.910    36920.523
     966.457        0.000     1425.910    36920.523
     967.524        0.000     1415.527    36920.523
     968.592        0.000     1415.527    36920.523
     969.658        0.000     1415.527    36920.523
     970.723        0.000     1415.527    36920.523
     971.788        0.000     1415.527    36920.523
     972.853        0.000     1415.527    36920.523
     973.918        0.000     1415.527    36920.523
     974.984        0.000     1407.008    36920.523
     976.050        0.000     1407.008    36920.523
     977.112        0.000     1407.008    36920.523
     978.176        0.000     1381.961    36920.523
     979.242        0.000     1381.961    36920.523
     980.308        0.000     1381.961    36920.523
     981.372        0.000     1382.211    36920.523
     982.438        0.000     1382.211    36920.523
     983.506        0.000     1382.211    36920.523
     984.572        0.000     1381.969    36920.523
     985.637        0.000     1381.969    36920.523
     986.702        0.000     1381.969    36920.523
     987.764        0.000     1355.938    36920.523
     988.831        0.000     1355.938    36920.523
     989.897        0.000     1318.863    36920.523
     990.962        0.000     1318.863    36920.523
     992.025        0.000     1318.895    36920.523
     993.093        0.000     1318.895    36920.523
     994.158        0.000     1318.895    36920.523
     995.224        0.000     1318.895    36920.523
     996.292        0.000     1319.016    36920.523
     997.359        0.000     1319.016    36920.523
     998.425        0.000     1319.000    36920.523
     999.502        0.000     1319.000    36920.523
    1000.568        0.000     1319.000    36920.523
    1001.633        0.000     1319.000    36920.523
    1002.698        0.000     1319.000    36920.523
    1003.762        0.000     1319.000    36920.523
    1004.829        0.000     1319.000    36920.523
    1005.895        0.000     1389.945    36920.523
    1006.963        0.000     1389.945    36920.523
    1008.029        0.000     1389.945    36920.523
    1009.095        0.000     1389.945    36920.523
    1010.159        0.000     1389.945    36920.523
    1011.223        0.000     1394.664    36920.523
    1012.291        0.000     1394.664    36920.523
    1013.357        0.000     1394.664    36920.523
    1014.424        0.000     1394.695    36920.523
    1015.491        0.000     1544.523    36920.523
    1016.558        0.000     1544.523    36920.523
    1017.624        0.000     1544.523    36920.523
    1018.689        0.000     1544.523    36920.523
    1019.754        0.000     1544.523    36920.523
    1020.817        0.000     1548.000    36920.523
    1021.885        0.000     1548.000    36920.523
    1022.951        0.000     1548.000    36920.523
    1024.019        0.000     1548.000    36920.523
    1025.085        0.000     1548.000    36920.523
    1026.153        0.000     1548.000    36920.523
    1027.220        0.000     1548.000    36920.523
    1028.286        0.000     1548.000    36920.523
    1029.351        0.000     1548.000    36920.523
    1030.415        0.000     1547.965    36920.523
    1031.482        0.000     1547.965    36920.523
    1032.545        0.000     1547.965    36920.523
    1033.611        0.000     1547.965    36920.523
    1034.677        0.000     1526.801    36920.523
    1035.743        0.000     1526.801    36920.523
    1036.806        0.000     1526.801    36920.523
    1037.870        0.000     1526.801    36920.523
    1038.936        0.000     1526.801    36920.523
    1040.001        0.000     1510.770    36920.523
    1041.062        0.000     1510.770    36920.523
    1042.128        0.000     1510.773    36920.523
    1043.196        0.000     1510.773    36920.523
    1044.265        0.000     1508.770    36920.523
    1045.331        0.000     1508.770    36920.523
    1046.396        0.000     1508.770    36920.523
    1047.462        0.000     1508.770    36920.523
    1048.527        0.000     1504.262    36920.523
    1049.591        0.000     1504.262    36920.523
    1050.656        0.000     1504.262    36920.523
    1051.723        0.000     1504.262    36920.523
    1052.788        0.000     1483.723    36920.523
    1053.854        0.000     1483.723    36920.523
    1054.917        0.000     1483.723    36920.523
    1055.982        0.000     1483.723    36920.523
    1057.047        0.000     1440.137    36920.523
    1058.112        0.000     1440.137    36920.523
    1059.175        0.000     1440.137    36920.523
    1060.243        0.000     1440.137    36920.523
    1061.308        0.000     1418.094    36920.523
    1062.375        0.000     1418.094    36920.523
    1063.441        0.000     1418.094    36920.523
    1064.506        0.000     1418.094    36920.523
    1065.570        0.000     1417.090    36920.523
    1066.634        0.000     1417.090    36920.523
    1067.700        0.000     1417.090    36920.523
    1068.765        0.000     1391.543    36920.523
    1069.831        0.000     1391.543    36920.523
    1070.892        0.000     1391.543    36920.523
    1071.960        0.000     1391.543    36920.523
    1073.025        0.000     1374.508    36920.523
    1074.093        0.000     1374.508    36920.523
    1075.160        0.000     1356.473    36920.523
    1076.227        0.000     1356.473    36920.523
    1077.293        0.000     1356.473    36920.523
    1078.360        0.000     1356.473    36920.523
    1079.425        0.000     1347.957    36920.523
    1080.487        0.000     1347.957    36920.523
    1081.552        0.000     1347.957    36920.523
    1082.616        0.000     1306.875    36920.523
    1083.679        0.000     1306.875    36920.523
    1084.748        0.000     1306.875    36920.523
    1085.816        0.000     1305.375    36920.523
    1086.880        0.000     1305.375    36920.523
    1087.946        0.000     1305.375    36920.523
    1089.012        0.000     1305.375    36920.523
    1090.077        0.000     1305.375    36920.523
    1091.140        0.000     1305.375    36920.523
    1092.206        0.000     1305.406    36920.523
    1093.272        0.000     1305.406    36920.523
    1094.337        0.000     1305.406    36920.523
    1095.399        0.000     1302.867    36920.523
    1096.465        0.000     1302.867    36920.523
    1097.531        0.000     1302.867    36920.523
    1098.598        0.000     1277.820    36920.523
    1099.664        0.000     1277.820    36920.523
    1100.730        0.000     1277.820    36920.523
    1101.793        0.000     1253.773    36920.523
    1102.857        0.000     1253.773    36920.523
    1103.923        0.000     1232.230    36920.523
    1104.988        0.000     1232.230    36920.523
    1106.051        0.000     1232.230    36920.523
    1107.116        0.000     1217.203    36920.523
    1108.183        0.000     1217.203    36920.523
    1109.249        0.000     1217.457    36920.523
    1110.315        0.000     1217.457    36920.523
    1111.380        0.000     1217.457    36920.523
    1112.444        0.000     1227.582    36920.523
    1113.508        0.000     1227.582    36920.523
    1114.575        0.000     1227.582    36920.523
    1115.641        0.000     1230.109    36920.523
    1116.706        0.000     1230.109    36920.523
    1117.771        0.000     1230.109    36920.523
    1118.835        0.000     1230.352    36920.523
    1119.900        0.000     1230.121    36920.523
    1120.966        0.000     1230.121    36920.523
    1122.031        0.000     1230.383    36920.523
    1123.096        0.000     1230.383    36920.523
    1124.160        0.000     1230.383    36920.523
    1125.225        0.000     1230.484    36920.523
    1126.292        0.000     1230.484    36920.523
    1127.358        0.000     1230.484    36920.523
    1128.424        0.000     1230.398    36920.523
    1129.489        0.000     1230.398    36920.523
    1130.554        0.000     1230.398    36920.523
    1131.617        0.000     1212.191    36920.523
    1132.683        0.000     1212.191    36920.523
    1133.750        0.000     1179.629    36920.523
    1134.817        0.000     1179.629    36920.523
    1135.883        0.000     1179.629    36920.523
    1136.950        0.000     1155.582    36920.523
    1138.016        0.000     1155.582    36920.523
    1139.077        0.000     1155.582    36920.523
    1140.142        0.000     1142.555    36920.523
    1141.208        0.000     1142.555    36920.523
    1142.276        0.000     1142.555    36920.523
    1143.343        0.000     1142.555    36920.523
    1144.409        0.000     1142.582    36920.523
    1145.473        0.000     1142.582    36920.523
    1146.536        0.000     1142.582    36920.523
    1147.603        0.000     1132.535    36920.523
    1148.669        0.000     1132.535    36920.523
    1149.736        0.000     1132.535    36920.523
    1150.802        0.000     1132.535    36920.523
    1151.868        0.000     1132.711    36920.523
    1152.932        0.000     1132.711    36920.523
    1153.998        0.000     1132.711    36920.523
    1155.066        0.000     1132.711    36920.523
    1156.130        0.000     1132.711    36920.523
    1157.196        0.000     1132.711    36920.523
    1158.262        0.000     1132.598    36920.523
    1159.329        0.000     1132.598    36920.523
    1160.395        0.000     1132.555    36920.523
    1161.460        0.000     1132.555    36920.523
    1162.522        0.000     1132.555    36920.523
    1163.587        0.000     1128.527    36920.523
    1164.653        0.000     1128.527    36920.523
    1165.716        0.000     1128.781    36920.523
    1166.782        0.000     1128.781    36920.523
    1167.848        0.000     1193.430    36920.523
    1168.915        0.000     1193.430    36920.523
    1169.981        0.000     1193.430    36920.523
    1171.048        0.000     1196.328    36920.523
    1172.114        0.000     1196.328    36920.523
    1173.178        0.000     1196.328    36920.523
    1174.241        0.000     1196.367    36920.523
    1175.307        0.000     1196.367    36920.523
    1176.372        0.000     1196.367    36920.523
    1177.437        0.000     1196.328    36920.523
    1178.501        0.000     1196.328    36920.523
    1179.566        0.000     1196.328    36920.523
    1180.632        0.000     1196.980    36920.523
    1181.700        0.000     1196.980    36920.523
    1182.768        0.000     1196.980    36920.523
    1183.833        0.000     1196.930    36920.523
    1184.900        0.000     1196.930    36920.523
    1185.967        0.000     1196.883    36920.523
    1187.033        0.000     1196.883    36920.523
    1188.101        0.000     1196.883    36920.523
    1189.169        0.000     1197.133    36920.523
    1190.236        0.000     1197.133    36920.523
    1191.301        0.000     1281.590    36920.523
    1192.367        0.000     1281.590    36920.523
    1193.433        0.000     1281.590    36920.523
    1194.497        0.000     1281.590    36920.523
    1195.561        0.000     1285.105    36920.523
    1196.627        0.000     1285.105    36920.523
    1197.693        0.000     1285.105    36920.523
    1198.758        0.000     1285.605    36920.523
    1199.821        0.000     1285.605    36920.523
    1200.888        0.000     1285.605    36920.523
    1201.952        0.000     1285.598    36920.523
    1203.019        0.000     1285.598    36920.523
    1204.085        0.000     1285.598    36920.523
    1205.151        0.000     1246.258    36920.523
    1206.216        0.000     1246.258    36920.523
    1207.279        0.000     1246.258    36920.523
    1208.346        0.000     1204.176    36920.523
    1209.412        0.000     1204.184    36920.523
    1210.477        0.000     1169.617    36920.523
    1211.543        0.000     1169.617    36920.523
    1212.608        0.000     1169.617    36920.523
    1213.671        0.000     1144.566    36920.523
    1214.737        0.000     1144.566    36920.523
    1215.803        0.000     1144.566    36920.523
    1216.868        0.000     1128.535    36920.523
    1217.933        0.000     1128.535    36920.523
    1218.998        0.000     1128.535    36920.523
    1220.063        0.000     1128.535    36920.523
    1221.129        0.000     1128.637    36920.523
    1222.196        0.000     1128.637    36920.523
    1223.260        0.000     1128.637    36920.523
    1224.322        0.000     1128.750    36920.523
    1225.389        0.000     1128.750    36920.523
    1226.454        0.000     1128.547    36920.523
    1227.521        0.000     1128.547    36920.523
    1228.586        0.000     1128.801    36920.523
    1229.649        0.000     1128.801    36920.523
    1230.716        0.000     1128.801    36920.523
    1231.781        0.000     1134.203    36920.523
    1232.848        0.000     1134.203    36920.523
    1233.914        0.000     1137.520    36920.523
    1234.982        0.000     1137.520    36920.523
    1236.048        0.000     1137.520    36920.523
    1237.114        0.000     1253.402    36920.523
    1238.180        0.000     1253.402    36920.523
    1239.246        0.000     1253.402    36920.523
    1240.307        0.000     1253.402    36920.523
    1241.373        0.000     1257.113    36920.523
    1242.440        0.000     1257.113    36920.523
    1243.505        0.000     1257.113    36920.523
    1244.568        0.000     1257.113    36920.523
    1245.634        0.000     1257.113    36920.523
    1246.700        0.000     1257.113    36920.523
    1247.767        0.000     1257.113    36920.523
    1248.825        0.000     1257.305    36920.523
    1249.892        0.000     1257.305    36920.523
    1250.958        0.000     1257.305    36920.523
    1252.024        0.000     1311.234    36920.523
    1253.088        0.000     1311.234    36920.523
    1254.150        0.000     1311.234    36920.523
    1255.216        0.000     1311.234    36920.523
    1256.282        0.000     1311.973    36920.523
    1257.348        0.000     1311.973    36920.523
    1258.413        0.000     1311.973    36920.523
    1259.478        0.000     1311.973    36920.523
    1260.546        0.000     1356.051    36920.523
    1261.611        0.000     1356.051    36920.523
    1262.677        0.000     1356.051    36920.523
    1263.744        0.000     1356.051    36920.523
    1264.810        0.000     1356.016    36920.523
    1265.872        0.000     1356.016    36920.523
    1266.937        0.000     1356.016    36920.523
    1268.003        0.000     1381.906    36920.523
    1269.069        0.000     1381.906    36920.523
    1270.135        0.000     1381.906    36920.523
    1271.201        0.000     1381.906    36920.523
    1272.266        0.000     1375.281    36920.523
    1273.332        0.000     1375.281    36920.523
    1274.399        0.000     1375.281    36920.523
    1275.465        0.000     1375.281    36920.523
    1276.531        0.000     1357.746    36920.523
    1277.597        0.000     1357.746    36920.523
    1278.660        0.000     1357.746    36920.523
    1279.724        0.000     1342.211    36920.523
    1280.791        0.000     1342.211    36920.523
    1281.857        0.000     1342.211    36920.523
    1282.923        0.000     1342.211    36920.523
    1283.986        0.000     1328.926    36920.523
    1285.050        0.000     1328.926    36920.523
    1286.117        0.000     1290.352    36920.523
    1287.181        0.000     1290.352    36920.523
    1288.243        0.000     1290.352    36920.523
    1289.309        0.000     1290.352    36920.523
    1290.376        0.000     1290.352    36920.523
    1291.442        0.000     1290.352    36920.523
    1292.506        0.000     1290.355    36920.523
    1293.570        0.000     1290.355    36920.523
    1294.635        0.000     1290.355    36920.523
    1295.700        0.000     1256.785    36920.523
    1296.763        0.000     1256.785    36920.523
    1297.829        0.000     1256.785    36920.523
    1298.894        0.000     1217.211    36920.523
    1299.957        0.000     1217.211    36920.523
    1301.021        0.000     1197.172    36920.523
    1302.097        0.000     1197.172    36920.523
    1303.164        0.000     1197.172    36920.523
    1304.227        0.000     1185.648    36920.523
    1305.292        0.000     1185.648    36920.523
    1306.359        0.000     1185.648    36920.523
    1307.424        0.000     1172.621    36920.523
    1308.489        0.000     1172.621    36920.523
    1309.553        0.000     1178.840    37180.539
    1310.627        0.000     1229.727    37180.539
    1311.696        0.000     1230.875    37180.539
    1312.765        0.000     1281.539    37180.539
    1313.836        0.000     1458.535    37180.539
    1314.908        0.000     1671.379    37180.539
    1315.976        0.000     1674.020    37180.539
    1317.045        0.000     1631.824    37180.539
    1318.113        0.000     1535.621    37180.539
    1319.181        0.000     1556.230    37180.539
    1320.250        0.000     1796.074    37180.539
    1321.314        0.000     1798.027    37180.539
    1322.385        0.000     2087.195    37180.539
    1323.452        0.000     2425.434    37180.539
    1324.521        0.000     2429.020    37180.539
    1325.589        0.000     2845.000    37180.539
    1326.658        0.000     2848.594    37180.539
    1327.725        0.000     3351.828    37180.539
    1328.793        0.000     3352.055    37180.539
    1329.860        0.000     3357.266    37180.539
    1330.927        0.000     3948.590    37180.539
    1331.995        0.000     3949.117    37180.539
    1333.063        0.000     3949.117    37180.539
    1334.131        0.000     3948.664    37180.539
    1335.199        0.000     3939.199    37180.539
    1336.266        0.000     3938.195    37180.539
    1337.335        0.000     3920.711    37180.539
    1338.403        0.000     3919.711    37180.539
    1339.471        0.000     3903.586    37180.539
    1340.539        0.000     3902.582    37180.539
    1341.608        0.000     3888.555    37180.539
    1342.678        0.000     3887.555    37180.539
    1343.749        0.000     3876.031    37180.539
    1344.820        0.000     3865.008    37180.539
    1345.889        0.000     3864.008    37180.539
    1346.957        0.000     3855.992    37180.539
    1348.025        0.000     3847.977    37180.539
    1349.093        0.000     3846.973    37180.539
    1350.161        0.000     3839.961    37180.539
    1351.227        0.000     3833.949    37180.539
    1352.296        0.000     3828.938    37180.539
    1353.364        0.000     3824.430    37180.539
    1354.432        0.000     3820.422    37180.539
    1355.501        0.000     3816.914    37180.539
    1356.570        0.000     3812.406    37180.539
    1357.638        0.000     3809.902    37180.539
    1358.706        0.000     3807.898    37180.539
    1359.774        0.000     3806.895    37180.539
    1360.842        0.000     3805.895    37180.539
    1361.909        0.000     3804.891    37180.539
    1362.977        0.000     3805.918    37180.539
    1364.044        0.000     3805.918    37180.539
    1365.113        0.000     3806.129    37180.539
    1366.180        0.000     3807.133    37180.539
    1367.249        0.000     3961.117    37180.539
    1368.316        0.000     4459.395    37180.539
    1369.384        0.000     4459.965    37180.539
    1370.452        0.000     4459.965    37180.539
    1371.520        0.000     4460.297    37180.539
    1372.589        0.000     4459.824    37180.539
    1373.657        0.000     4460.914    37180.539
    1374.725        0.000     4461.094    37180.539
    1375.795        0.000     4464.203    37180.539
    1376.863        0.000     4463.477    37180.539
    1377.932        0.000     4463.477    37180.539
    1379.000        0.000     4463.477    37180.539
    1380.068        0.000     4462.816    37180.539
    1381.137        0.000     4462.816    37180.539
    1382.205        0.000     4463.625    37180.539
    1383.273        0.000     4463.793    37180.539
    1384.341        0.000     4463.266    37180.539
    1385.409        0.000     4462.914    37180.539
    1386.477        0.000     4462.914    37180.539
    1387.545        0.000     4461.914    37180.539
    1388.609        0.000     4462.336    37180.539
    1389.679        0.000     4463.910    37180.539
    1390.748        0.000     4463.234    37180.539
    1391.816        0.000     4463.609    37180.539
    1392.884        0.000     4462.906    37180.539
    1393.952        0.000     4464.375    37180.539
    1395.019        0.000     4464.941    37180.539
    1396.087        0.000     4464.941    37180.539
    1397.154        0.000     4463.938    37180.539
    1398.223        0.000     4464.441    37180.539
    1399.291        0.000     4465.289    37180.539
    1400.359        0.000     4464.648    37180.539
    1401.427        0.000     4465.238    37180.539
    1402.494        0.000     4464.625    37180.539
    1403.563        0.000     4463.625    37180.539
    1404.631        0.000     4465.660    37180.539
    1405.699        0.000     4464.656    37180.539
    1406.768        0.000     4466.316    37180.539
    1407.836        0.000     4465.707    37180.539
    1408.904        0.000     4465.461    37180.539
    1409.972        0.000     4466.035    37180.539
    1411.040        0.000     4465.238    37180.539
    1412.108        0.000     4465.883    37180.539
    1413.176        0.000     4464.879    37180.539
    1414.244        0.000     4467.875    37180.539
    1415.313        0.000     4468.668    37180.539
    1416.381        0.000     4467.668    37180.539
    1417.448        0.000     4469.090    37180.539
    1418.517        0.000     4469.215    37180.539
    1419.585        0.000     4468.320    37180.539
    1420.653        0.000     4468.688    37180.539
    1421.720        0.000     4467.805    37180.539
    1422.788        0.000     4467.582    37180.539
    1423.856        0.000     4470.504    37180.539
    1424.924        0.000     4470.504    37180.539
    1425.991        0.000     4469.504    37180.539
    1427.059        0.000     4470.074    37180.539
    1428.127        0.000     4470.492    37180.539
    1429.195        0.000     4469.961    37180.539
    1430.264        0.000     4470.367    37180.539
    1431.332        0.000     4469.500    37180.539
    1432.403        0.000     4469.879    37180.539
    1433.474        0.000     4469.969    37180.539
    1434.544        0.000     4469.770    37180.539
    1435.612        0.000     4469.824    37180.539
    1436.680        0.000     4470.043    37180.539
    1437.750        0.000     4470.043    37180.539
    1438.818        0.000     4471.473    37180.539
    1439.877        0.000     4471.473    37180.539
    1440.946        0.000     4473.906    37180.539
    1442.015        0.000     4473.930    37180.539
    1443.085        0.000     4474.629    37180.539
    1444.158        0.000     4474.629    37180.539
    1445.227        0.000     4474.629    37180.539
    1446.298        0.000     4474.629    37180.539
    1447.385        0.000     4473.625    37180.539
    1448.456        0.000     4473.668    37180.539
    1449.528        0.000     4473.859    37180.539
    1450.598        0.000     4474.039    37180.539
    1451.666        0.000     4473.039    37180.539
    1452.738        0.000     4473.109    37180.539
    1453.813        0.000     4473.711    37180.539
    1454.882        0.000     4473.711    37180.539
    1455.954        0.000     4472.707    37180.539
    1457.024        0.000     4472.727    37180.539
    1458.094        0.000     4472.840    37180.539
    1459.164        0.000     4473.062    37180.539
    1460.234        0.000     4472.109    37180.539
    1461.317        0.000     4472.402    37180.539
    1462.388        0.000     4472.402    37180.539
    1463.459        0.000     4471.398    37180.539
    1464.529        0.000     4471.984    37180.539
    1465.598        0.000     4472.281    37180.539
    1466.657        0.000     4471.707    37180.539
    1467.724        0.000     4472.180    37180.539
    1468.794        0.000     4472.277    37180.539
    1469.860        0.000     4471.273    37180.539
    1470.930        0.000     4471.391    37180.539
    1472.001        0.000     4471.484    37180.539
    1473.077        0.000     4470.484    37180.539
    1474.163        0.000     4472.566    37180.539
    1475.234        0.000     4472.566    37180.539
    1476.287        0.000     4471.562    37180.539
    1477.370        0.000     4472.223    37180.539
    1478.424        0.000     4472.602    37180.539
    1479.494        0.000     4471.727    37180.539
    1480.563        0.000     4471.754    37180.539
    1481.637        0.000     4470.750    37180.539
    1482.708        0.000     4471.047    37180.539
    1483.777        0.000     4470.797    37180.539
    1484.846        0.000     4470.820    37180.539
    1485.914        0.000     4470.926    37180.539
    1486.983        0.000     4470.352    37180.539
    1488.044        0.000     4469.543    37180.539
    1489.116        0.000     4469.965    37180.539
    1490.192        0.000     4469.109    37180.539
    1491.262        0.000     4469.215    37180.539
    1492.332        0.000     4468.215    37180.539
    1493.400        0.000     4468.395    37180.539
    1494.462        0.000     4469.727    37180.539
    1495.533        0.000     4469.727    37180.539
    1496.602        0.000     4468.770    37180.539
    1497.669        0.000     4469.000    37180.539
    1498.738        0.000     4468.043    37180.539
    1499.806        0.000     4468.102    37180.539
    1500.875        0.000     4468.297    37180.539
    1501.943        0.000     4467.293    37180.539
    1503.011        0.000     4467.500    37180.539
    1504.079        0.000     4467.250    37180.539
    1505.147        0.000     4467.320    37180.539
    1506.215        0.000     4466.543    37180.539
    1507.283        0.000     4467.012    37180.539
    1508.351        0.000     4466.039    37180.539
    1509.419        0.000     4466.098    37180.539
    1510.487        0.000     4466.129    37180.539
    1511.556        0.000     4465.254    37180.539
    1512.626        0.000     4465.484    37180.539
    1513.698        0.000     4465.137    37180.539
    1514.767        0.000     4465.191    37180.539
    1515.836        0.000     4465.289    37180.539
    1516.907        0.000     4464.453    37180.539
    1517.968        0.000     4465.109    37180.539
    1519.041        0.000     4465.164    37180.539
    1520.113        0.000     4465.254    37180.539
    1521.187        0.000     4464.254    37180.539
    1522.262        0.000     4464.379    37180.539
    1523.331        0.000     4464.914    37180.539
    1524.417        0.000     4464.914    37180.539
    1525.486        0.000     4465.008    37180.539
    1526.554        0.000     4464.004    37180.539
    1527.609        0.000     4464.039    37180.539
    1528.690        0.000     4464.215    37180.539
    1529.759        0.000     4464.406    37180.539
    1530.820        0.000     4463.406    37180.539
    1531.892        0.000     4463.406    37180.539
    1532.962        0.000     4463.562    37180.539
    1534.032        0.000     4463.562    37180.539
    1535.100        0.000     4462.590    37180.539
    1536.166        0.000     4462.625    37180.539
    1537.236        0.000     4462.809    37180.539
    1538.304        0.000     4461.832    37180.539
    1539.371        0.000     4462.062    37180.539
    1540.439        0.000     4462.281    37180.539
    1541.508        0.000     4462.281    37180.539
    1542.578        0.000     4461.383    37180.539
    1543.650        0.000     4461.586    37180.539
    1544.719        0.000     4461.625    37180.539
    1545.787        0.000     4460.668    37180.539
    1546.855        0.000     4461.215    37180.539
    1547.923        0.000     4461.215    37180.539
    1548.992        0.000     4460.270    37180.539
    1550.063        0.000     4460.594    37180.539
    1551.134        0.000     4459.770    37180.539
    1552.202        0.000     4459.770    37180.539
    1553.271        0.000     4459.297    37180.539
    1554.339        0.000     4458.445    37180.539
    1555.407        0.000     4458.445    37180.539
    1556.475        0.000     4458.445    37180.539
    1557.535        0.000     4457.465    37180.539
    1558.606        0.000     4456.570    37180.539
    1559.676        0.000     4456.609    37180.539
    1560.744        0.000     4455.605    37180.539
    1561.821        0.000     4455.777    37180.539
    1562.877        0.000     4455.898    37180.539
    1563.949        0.000     4455.148    37180.539
    1565.017        0.000     4455.148    37180.539
    1566.085        0.000     4455.227    37180.539
    1567.154        0.000     4455.227    37180.539
    1568.221        0.000     4455.246    37180.539
    1569.289        0.000     4454.242    37180.539
    1570.357        0.000     4454.449    37180.539
    1571.425        0.000     4454.535    37180.539
    1572.494        0.000     4454.535    37180.539
    1573.563        0.000     4454.707    37180.539
    1574.633        0.000     4453.840    37180.539
    1575.705        0.000     4453.840    37180.539
    1576.773        0.000     4454.094    37180.539
    1577.841        0.000     4452.836    37180.539
    1578.909        0.000     4452.836    37180.539
    1579.978        0.000     4452.863    37180.539
    1581.046        0.000     4452.863    37180.539
    1582.114        0.000     4453.551    37180.539
    1583.184        0.000     4453.551    37180.539
    1584.251        0.000     4452.605    37180.539
    1585.320        0.000     4452.660    37180.539
    1586.389        0.000     4452.660    37180.539
    1587.457        0.000     4452.660    37180.539
    1588.524        0.000     4452.660    37180.539
    1589.591        0.000     4451.656    37180.539
    1590.659        0.000     4451.734    37180.539
    1591.741        0.000     4451.734    37180.539
    1592.831        0.000     4451.734    37180.539
    1593.903        0.000     4451.305    37180.539
    1594.971        0.000     4451.828    37180.539
    1596.040        0.000     4451.828    37180.539
    1597.108        0.000     4452.949    37180.539
    1598.176        0.000     4452.949    37180.539
    1599.244        0.000     4453.461    37180.539
    1600.312        0.000     4453.820    37180.539
    1601.381        0.000     4453.820    37180.539
    1602.450        0.000     4454.305    37180.539
    1603.521        0.000     4453.832    37180.539
    1604.592        0.000     4453.840    37180.539
    1605.661        0.000     4453.840    37180.539
    1606.729        0.000     4453.555    37180.539
    1607.797        0.000     4453.555    37180.539
    1608.866        0.000     4452.949    37180.539
    1609.935        0.000     4452.949    37180.539
    1611.005        0.000     4452.434    37180.539
    1612.076        0.000     4452.434    37180.539
    1613.145        0.000     4451.434    37180.539
    1614.214        0.000     4452.094    37180.539
    1615.282        0.000     4452.352    37180.539
    1616.350        0.000     4452.352    37180.539
    1617.419        0.000     4451.781    37180.539
    1618.489        0.000     4453.039    37180.539
    1619.562        0.000     4453.926    37180.539
    1620.631        0.000     4455.535    37180.539
    1621.711        0.000     4455.535    37180.539
    1622.784        0.000     4454.578    37180.539
    1623.856        0.000     4454.965    37180.539
    1624.923        0.000     4455.141    37180.539
    1625.991        0.000     4455.141    37180.539
    1627.058        0.000     4455.508    37180.539
    1628.127        0.000     4454.508    37180.539
    1629.196        0.000     4456.734    37180.539
    1630.264        0.000     4457.141    37180.539
    1631.333        0.000     4457.141    37180.539
    1632.401        0.000     4456.195    37180.539
    1633.471        0.000     4456.340    37180.539
    1634.543        0.000     4457.203    37180.539
    1635.612        0.000     4456.574    37180.539
    1636.681        0.000     4456.957    37180.539
    1637.750        0.000     4457.172    37180.539
    1638.818        0.000     4458.473    37180.539
    1639.887        0.000     4458.504    37180.539
    1640.956        0.000     4458.504    37180.539
    1642.024        0.000     4457.500    37180.539
    1643.092        0.000     4458.984    37180.539
    1644.160        0.000     4458.270    37180.539
    1645.228        0.000     4458.895    37180.539
    1646.297        0.000     4458.242    37180.539
    1647.364        0.000     4458.785    37180.539
    1648.433        0.000     4458.406    37180.539
    1649.517        0.000     4461.488    37180.539
    1650.589        0.000     4460.594    37180.539
    1651.657        0.000     4460.969    37180.539
    1652.726        0.000     4461.613    37180.539
    1653.795        0.000     4460.613    37180.539
    1654.863        0.000     4460.723    37180.539
    1655.933        0.000     4460.852    37180.539
    1657.003        0.000     4460.418    37180.539
    1658.075        0.000     4459.602    37180.539
    1659.145        0.000     4462.270    37180.539
    1660.213        0.000     4461.598    37180.539
    1661.298        0.000     4461.598    37180.539
    1662.369        0.000     4461.160    37180.539
    1663.438        0.000     4461.062    37180.539
    1664.507        0.000     4461.855    37180.539
    1665.576        0.000     4461.984    37180.539
    1666.646        0.000     4461.195    37180.539
    1667.718        0.000     4461.500    37180.539
    1668.787        0.000     4462.973    37180.539
    1669.856        0.000     4463.059    37180.539
    1670.926        0.000     4462.133    37180.539
    1671.999        0.000     4463.043    37180.539
    1673.069        0.000     4462.977    37180.539
    1674.138        0.000     4463.012    37180.539
    1675.206        0.000     4463.684    37180.539
    1676.274        0.000     4462.684    37180.539
    1677.343        0.000     4463.137    37180.539
    1678.415        0.000     4463.137    37180.539
    1679.486        0.000     4464.809    37180.539
    1680.555        0.000     4465.129    37180.539
    1681.627        0.000     4464.129    37180.539
    1682.700        0.000     4464.445    37180.539
    1683.769        0.000     4464.504    37180.539
    1684.838        0.000     4464.504    37180.539
    1685.907        0.000     4463.695    37180.539
    1686.975        0.000     4464.660    37180.539
    1688.046        0.000     4465.203    37180.539
    1689.118        0.000     4465.242    37180.539
    1690.188        0.000     4464.957    37180.539
    1691.257        0.000     4465.352    37180.539
    1692.325        0.000     4465.484    37180.539
    1693.393        0.000     4465.484    37180.539
    1694.462        0.000     4466.613    37180.539
    1695.532        0.000     4467.301    37180.539
    1696.605        0.000     4467.301    37180.539
    1697.674        0.000     4466.918    37180.539
    1698.744        0.000     4466.949    37180.539
    1699.816        0.000     4467.641    37180.539
    1700.887        0.000     4467.102    37180.539
    1701.956        0.000     4467.254    37180.539
    1703.024        0.000     4467.254    37180.539
    1704.092        0.000     4469.387    37180.539
    1705.160        0.000     4468.387    37180.539
    1706.229        0.000     4468.418    37180.539
    1707.296        0.000     4468.418    37180.539
    1708.365        0.000     4468.566    37180.539
    1709.433        0.000     4469.234    37180.539
    1710.501        0.000     4468.379    37180.539
    1711.570        0.000     4468.523    37180.539
    1712.638        0.000     4468.781    37180.539
    1713.705        0.000     4470.402    37180.539
    1714.772        0.000     4469.402    37180.539
    1715.842        0.000     4469.992    37180.539
    1716.911        0.000     4470.027    37180.539
    1717.984        0.000     4469.023    37180.539
    1719.049        0.000     4469.125    37180.539
    1720.114        0.000     4469.629    37180.539
    1721.184        0.000     4469.629    37180.539
    1722.257        0.000     4470.566    37180.539
    1723.319        0.000     4537.535    37180.539
    1724.391        0.000     4536.535    37180.539
    1725.462        0.000     4536.535    37180.539
    1726.530        0.000     4537.105    37180.539
    1727.598        0.000     4537.105    37180.539
    1728.666        0.000     4537.719    37180.539
    1729.735        0.000     4538.152    37180.539
    1730.804        0.000     4538.152    37180.539
    1731.858        0.000     4538.328    37180.539
    1732.927        0.000     4538.625    37180.539
    1733.996        0.000     4538.980    37180.539
    1735.062        0.000     4538.980    37180.539
    1736.131        0.000     4538.227    37180.539
    1737.200        0.000     4538.277    37180.539
    1738.270        0.000     4538.598    37180.539
    1739.349        0.000     4538.648    37180.539
    1740.421        0.000     4538.648    37180.539
    1741.490        0.000     4537.645    37180.539
    1742.559        0.000     4537.738    37180.539
    1743.631        0.000     4537.973    37180.539
    1744.703        0.000     4536.973    37180.539
    1745.772        0.000     4537.547    37180.539
    1746.838        0.000     4538.340    37180.539
    1747.907        0.000     4539.484    37180.539
    1748.976        0.000     4540.477    37180.539
    1750.044        0.000     4540.477    37180.539
    1751.113        0.000     4539.660    37180.539
    1752.180        0.000     4539.699    37180.539
    1753.249        0.000     4539.191    37180.539
    1754.317        0.000     4540.332    37180.539
    1755.387        0.000     4540.332    37180.539
    1756.442        0.000     4540.816    37180.539
    1757.509        0.000     4541.434    37180.539
    1758.576        0.000     4541.434    37180.539
    1759.644        0.000     4541.012    37180.539
    1760.712        0.000     4541.051    37180.539
    1761.780        0.000     4541.023    37180.539
    1762.847        0.000     4541.023    37180.539
    17